      2.0000000     -1.7455137     0.71478021     0.91146880     0.35565133     0.91146880
      2.0250000     -1.7263497     0.77362044     0.90230310     0.47907205     0.90230310
      2.0500000     -1.7084579     0.81103790     0.89454330     0.51958994     0.89454330
      2.0750000     -1.6864715     0.86589786     0.88364715     0.58985765     0.88364715
      2.1000000     -1.6632051     0.94044574     0.86974070     0.86677927     0.86974240
      2.1250000     -1.6368542      1.0229138    -0.44568115      1.1932297     0.85417145
      2.1500000     -1.6093980      1.1700063     0.28600040      1.9193219     0.83412530
      2.1750000     -1.5815920      1.1978060     0.63364785      1.9567611     0.81749485
      2.2000000     -1.5483733      1.3402143    -0.11909520      2.8410354     0.79095380
      2.2250000     -1.5149680      1.4261542   -0.051372250      3.9645816     0.76171935
      2.2500000     -1.4708266      1.5572898     0.20061780      5.4620895     0.71806230
      2.2750000     -1.4344407      1.5847704    0.027906200      6.0819183     0.68451440
      2.3000000     -1.3942109      1.6756077   -0.032805850      7.5780663     0.63905645
      2.3250000     -1.3550296      1.6604203   -0.052325350      8.3476942     0.59541405
      2.3500000     -1.3107438      1.5745365   -0.098338350      8.8235165     0.54133625
      2.3750000     -1.2785905      1.5098943   0.0047214500      8.6393198     0.51115375
      2.4000000     -1.2401691      1.3893324   -0.052597300      8.6670151     0.46298080
