      2.0000000     -1.7455711     0.72035340     0.91127340     0.38847724     0.91127340
      2.0250000     -1.7268874     0.75808712     0.90265575     0.45936834     0.90265575
      2.0500000     -1.7068615     0.83497825     0.89301238     0.55875286     0.89301238
      2.0750000     -1.6855213     0.91059830     0.88177699     0.74976086     0.88177699
      2.1000000     -1.6615976     0.98786553     0.86850620     0.95418119     0.86850620
      2.1250000     -1.6375437      1.0425041     0.85442160      1.2135855     0.85442160
      2.1500000     -1.6104679      1.1096161     0.83691700      1.5789571     0.83691700
      2.1750000     -1.5804876      1.2399764     0.81502201      2.5381281     0.81502201
      2.2000000     -1.5448402      1.4602706     0.78135808      5.2856223     0.78135808
      2.2250000     -1.5044027      2.0302046    0.026727459      60.556999     0.71029786
      2.2500000     -1.4624767      2.1654270     0.65916759      56.928428     0.66136074
      2.2750000     -1.4052293      2.3407452    0.027238625      77.545601     0.53837103
      2.3000000     -1.3493367      2.0077969    0.015497372      90.245633     0.37685743
      2.3250000     -1.3053652      1.6736916     0.11080288      72.661922     0.27921921
      2.3500000     -1.2650485      1.3924918    0.038519381      45.235895     0.18358006
      2.3750000     -1.2318743      1.2468028    0.034764381      28.069587     0.13870238
      2.4000000     -1.2043555      1.1564401    0.029851203      25.231727     0.12945030
