Final number of Monte Carlo trials: 100000, and temperature: 2.50000
 Spin matrix in equilibrium situation: 
   -1   -1    1    1    1    1    1   -1   -1   -1   -1   -1   -1   -1   -1   -1   -1    1   -1   -1   -1   -1   -1   -1   -1    1    1   -1    1    1    1    1    1    1    1    1   -1   -1    1    1    1    1    1    1    1    1   -1   -1   -1   -1   -1   -1    1    1   -1   -1   -1    1   -1   -1
   -1   -1    1   -1   -1   -1   -1   -1   -1   -1   -1   -1   -1   -1    1   -1   -1   -1   -1    1   -1   -1   -1    1    1    1    1    1    1    1    1    1    1    1   -1   -1   -1   -1   -1    1    1    1    1    1    1    1   -1   -1   -1   -1   -1   -1   -1    1   -1   -1   -1   -1    1   -1
   -1   -1    1    1   -1   -1   -1   -1    1   -1   -1   -1   -1   -1    1    1   -1   -1   -1    1   -1   -1   -1   -1   -1   -1   -1    1    1    1    1    1    1    1   -1    1    1    1    1    1   -1    1    1    1    1    1   -1   -1   -1   -1   -1   -1   -1   -1   -1   -1   -1   -1   -1   -1
   -1   -1   -1    1   -1   -1   -1   -1   -1   -1   -1   -1   -1   -1    1    1   -1   -1   -1   -1   -1   -1   -1   -1   -1   -1   -1    1    1    1    1    1    1    1    1    1    1    1    1    1    1    1    1    1    1    1   -1   -1   -1   -1   -1   -1   -1   -1   -1   -1   -1   -1   -1   -1
   -1   -1   -1   -1   -1   -1    1    1    1   -1   -1    1   -1   -1   -1   -1   -1   -1   -1   -1   -1   -1   -1    1   -1   -1   -1    1    1    1    1    1    1    1    1   -1    1    1    1    1    1    1    1    1   -1   -1   -1   -1   -1    1   -1   -1    1   -1   -1   -1   -1   -1   -1   -1
   -1   -1   -1    1    1    1    1    1    1   -1   -1   -1   -1    1   -1   -1   -1   -1   -1   -1   -1   -1   -1   -1    1   -1   -1    1    1    1    1    1    1    1    1    1    1    1    1    1    1    1    1   -1   -1   -1   -1   -1   -1   -1   -1   -1    1   -1   -1   -1   -1    1    1   -1
    1    1    1   -1    1    1    1    1   -1   -1   -1   -1   -1   -1   -1    1   -1   -1   -1   -1    1   -1   -1    1    1   -1    1    1    1   -1   -1   -1    1    1    1    1    1    1    1    1    1    1   -1   -1   -1   -1   -1   -1   -1   -1   -1   -1   -1   -1   -1   -1    1    1    1    1
   -1   -1   -1   -1    1    1   -1   -1   -1   -1   -1   -1   -1   -1   -1   -1   -1   -1   -1   -1    1   -1    1    1   -1   -1    1    1    1    1    1    1    1    1    1    1    1    1    1    1    1   -1   -1   -1   -1   -1   -1   -1   -1   -1   -1   -1   -1   -1   -1   -1    1    1    1    1
   -1   -1   -1   -1    1    1   -1   -1   -1   -1   -1   -1   -1   -1   -1    1   -1   -1   -1   -1    1    1    1    1   -1   -1    1   -1   -1    1    1    1    1    1    1    1    1    1    1    1    1   -1   -1   -1   -1   -1   -1    1   -1   -1   -1   -1   -1    1   -1    1    1    1    1    1
    1   -1   -1   -1   -1   -1    1   -1    1   -1   -1   -1   -1   -1   -1   -1   -1   -1   -1   -1    1    1    1    1    1    1    1    1    1    1    1    1    1    1    1    1    1    1    1    1    1    1   -1   -1    1   -1   -1   -1    1   -1   -1   -1    1    1    1    1    1    1    1    1
    1   -1   -1    1   -1   -1    1    1   -1   -1   -1   -1    1   -1   -1   -1   -1   -1   -1   -1   -1    1    1    1    1    1    1    1    1    1    1   -1    1   -1    1    1    1    1    1    1    1    1   -1    1    1   -1   -1   -1    1    1    1   -1    1    1    1    1    1   -1    1    1
    1    1   -1   -1   -1   -1   -1   -1   -1   -1   -1    1   -1   -1   -1   -1   -1   -1    1    1   -1    1    1    1    1    1    1    1    1    1    1    1   -1    1    1    1    1    1    1    1    1    1    1    1    1   -1   -1   -1    1    1    1    1    1    1    1    1    1    1    1    1
    1   -1   -1   -1   -1   -1   -1   -1   -1   -1   -1   -1   -1   -1   -1   -1   -1   -1   -1   -1   -1    1    1    1    1    1    1    1   -1    1    1    1    1    1    1    1    1    1    1    1    1    1    1    1    1   -1   -1   -1    1    1    1    1    1    1    1    1    1    1    1    1
   -1   -1   -1   -1   -1   -1   -1    1    1    1    1    1   -1   -1   -1   -1   -1   -1   -1   -1   -1   -1    1    1    1    1    1    1   -1    1    1    1   -1   -1   -1    1    1    1   -1   -1   -1    1    1    1    1   -1   -1   -1   -1   -1   -1    1    1    1    1    1   -1    1   -1   -1
   -1   -1   -1   -1   -1   -1   -1   -1    1   -1    1   -1   -1   -1   -1   -1   -1   -1   -1   -1   -1   -1    1    1    1    1    1    1    1    1    1    1   -1   -1    1   -1   -1   -1   -1   -1   -1    1    1    1    1   -1   -1    1   -1   -1    1    1    1    1    1    1   -1   -1   -1   -1
   -1   -1   -1   -1   -1   -1   -1   -1    1   -1    1   -1   -1   -1   -1   -1   -1   -1   -1   -1   -1   -1    1    1   -1    1    1    1    1    1    1    1   -1   -1   -1   -1   -1    1   -1   -1    1    1    1    1    1    1   -1   -1   -1   -1    1    1    1    1    1    1   -1   -1   -1   -1
    1   -1   -1   -1   -1   -1    1    1    1   -1    1    1   -1   -1   -1   -1   -1    1    1    1   -1   -1   -1   -1    1    1    1    1    1    1    1    1    1    1   -1   -1   -1    1    1   -1   -1    1    1   -1   -1   -1   -1    1   -1   -1   -1    1   -1   -1   -1    1   -1    1   -1    1
    1   -1   -1   -1   -1   -1    1    1    1    1    1    1    1    1   -1   -1    1    1    1    1   -1    1    1    1    1    1    1    1    1    1   -1   -1   -1    1    1    1    1   -1    1   -1   -1    1   -1   -1   -1    1   -1   -1    1    1    1    1    1   -1   -1    1    1    1    1    1
    1    1   -1   -1   -1   -1    1   -1    1    1    1    1    1    1   -1   -1   -1    1    1    1    1    1   -1    1   -1    1    1    1    1    1   -1   -1   -1    1    1    1    1   -1   -1   -1   -1    1   -1   -1   -1   -1   -1   -1   -1    1    1    1    1   -1   -1   -1    1    1    1    1
    1    1    1   -1   -1   -1    1    1    1    1    1    1    1    1    1    1    1    1    1    1    1    1   -1   -1   -1    1    1    1    1    1   -1   -1   -1    1    1    1    1    1    1   -1   -1   -1   -1   -1   -1   -1   -1   -1   -1   -1    1    1   -1   -1   -1   -1    1    1    1    1
    1    1   -1   -1   -1   -1    1    1    1    1    1    1    1    1    1    1    1    1    1    1    1    1    1    1    1    1   -1    1    1   -1   -1   -1   -1    1    1    1    1    1    1   -1   -1   -1   -1   -1    1   -1   -1   -1   -1   -1   -1   -1   -1   -1   -1   -1   -1    1    1    1
    1   -1   -1    1   -1    1    1    1    1    1    1    1    1    1    1    1    1   -1    1    1    1    1    1    1    1    1    1    1    1    1   -1   -1   -1   -1   -1    1    1    1    1    1   -1   -1   -1   -1    1    1   -1   -1   -1   -1   -1   -1   -1   -1   -1   -1   -1    1    1    1
    1    1   -1    1   -1    1    1    1    1    1    1   -1   -1    1    1    1    1    1    1    1    1   -1   -1    1    1    1    1    1    1    1    1    1   -1   -1   -1   -1    1    1    1    1   -1   -1    1   -1    1    1   -1    1    1   -1   -1    1    1   -1   -1   -1   -1    1    1    1
    1    1    1    1    1   -1   -1    1    1    1    1   -1   -1   -1   -1    1    1    1    1    1    1   -1   -1    1    1    1    1    1    1    1    1    1   -1    1   -1   -1    1   -1   -1   -1   -1   -1    1    1    1    1    1    1    1    1    1    1    1   -1   -1    1   -1    1    1    1
    1    1    1   -1    1   -1   -1   -1    1   -1   -1   -1   -1    1    1    1    1    1    1    1   -1   -1    1    1    1    1    1    1    1    1    1    1    1    1   -1   -1   -1   -1   -1   -1   -1    1    1    1    1    1    1    1    1    1    1    1   -1   -1   -1   -1   -1    1    1    1
    1    1    1   -1   -1   -1    1   -1    1   -1   -1   -1   -1    1    1   -1    1    1    1    1    1    1    1    1    1    1    1    1    1    1    1   -1   -1    1   -1   -1    1   -1   -1   -1   -1   -1    1    1    1    1   -1   -1    1    1    1   -1   -1   -1    1    1    1   -1   -1    1
   -1    1    1   -1   -1   -1   -1   -1   -1   -1   -1   -1   -1   -1    1    1    1    1    1    1   -1   -1   -1   -1    1    1   -1    1    1    1    1    1   -1   -1   -1   -1   -1   -1   -1   -1   -1   -1   -1    1    1    1   -1   -1    1    1   -1   -1   -1    1    1    1    1    1    1    1
   -1    1    1   -1   -1   -1   -1   -1   -1   -1   -1   -1   -1   -1    1   -1    1    1    1    1   -1   -1   -1   -1    1    1   -1   -1   -1    1    1   -1   -1   -1   -1   -1   -1   -1   -1   -1   -1   -1   -1    1    1    1   -1    1    1    1   -1   -1   -1    1    1    1    1    1    1    1
    1    1   -1   -1   -1   -1   -1   -1   -1    1   -1   -1    1   -1   -1   -1    1    1   -1   -1   -1   -1   -1    1    1    1    1    1    1    1   -1   -1   -1   -1   -1   -1   -1   -1   -1   -1    1    1    1    1    1   -1   -1    1    1    1    1    1    1    1    1    1   -1   -1   -1   -1
    1   -1    1   -1   -1   -1   -1   -1   -1   -1   -1   -1    1   -1   -1   -1    1    1    1    1   -1   -1   -1    1    1    1    1    1    1    1    1   -1   -1   -1    1   -1   -1   -1   -1   -1    1    1    1    1    1    1    1   -1    1    1    1    1    1    1    1   -1   -1   -1    1    1
   -1   -1    1   -1   -1   -1   -1   -1   -1   -1   -1   -1    1   -1   -1   -1    1    1    1    1    1    1    1    1    1    1    1    1    1    1    1    1    1    1   -1   -1   -1   -1    1    1    1    1    1   -1   -1    1    1   -1   -1   -1   -1    1    1    1   -1   -1   -1   -1    1   -1
   -1   -1    1   -1   -1   -1   -1   -1   -1   -1   -1   -1   -1   -1   -1   -1   -1    1    1    1    1    1    1    1    1    1    1    1    1    1    1    1    1    1    1    1   -1   -1    1    1    1    1    1   -1   -1   -1   -1   -1   -1   -1    1    1    1   -1   -1   -1   -1   -1    1   -1
   -1   -1   -1   -1   -1   -1   -1   -1   -1   -1   -1   -1   -1   -1   -1   -1   -1    1    1    1   -1   -1   -1    1    1    1    1    1    1    1    1    1    1    1   -1    1    1    1    1    1    1    1    1   -1   -1   -1   -1   -1   -1   -1   -1    1   -1   -1   -1   -1    1   -1   -1   -1
   -1   -1   -1   -1   -1   -1   -1   -1   -1   -1   -1   -1   -1   -1   -1   -1   -1   -1   -1   -1   -1   -1   -1   -1   -1   -1   -1    1   -1   -1   -1   -1   -1    1    1    1    1    1    1    1    1    1    1   -1   -1   -1   -1   -1    1    1    1    1   -1   -1   -1   -1   -1   -1   -1   -1
   -1   -1    1    1    1    1   -1    1   -1   -1   -1   -1   -1   -1    1   -1   -1   -1   -1   -1   -1   -1   -1   -1   -1    1    1    1    1    1   -1   -1   -1   -1   -1    1    1   -1   -1   -1   -1   -1    1   -1   -1   -1   -1   -1   -1    1    1    1    1    1    1   -1   -1   -1   -1   -1
   -1    1    1    1    1    1    1   -1   -1   -1   -1   -1   -1   -1   -1   -1   -1   -1   -1   -1   -1   -1   -1    1   -1   -1   -1    1    1    1    1   -1   -1   -1   -1    1    1   -1   -1   -1   -1   -1    1   -1   -1    1   -1   -1   -1    1    1    1    1    1   -1   -1   -1   -1   -1   -1
   -1   -1   -1    1    1   -1   -1   -1   -1   -1   -1   -1   -1   -1   -1   -1   -1   -1   -1   -1   -1   -1    1    1    1   -1   -1    1   -1   -1   -1   -1   -1   -1   -1   -1   -1   -1   -1   -1    1    1    1    1    1    1   -1   -1    1    1    1    1    1   -1   -1   -1    1   -1   -1   -1
    1   -1    1    1   -1   -1   -1   -1   -1   -1   -1   -1   -1   -1    1   -1   -1   -1   -1   -1   -1   -1   -1   -1   -1   -1   -1   -1   -1   -1   -1   -1   -1   -1   -1   -1   -1   -1   -1    1    1    1    1    1    1    1   -1    1    1    1    1    1    1    1   -1   -1   -1   -1   -1   -1
   -1   -1   -1   -1   -1   -1   -1   -1    1   -1   -1   -1   -1   -1    1   -1   -1   -1   -1   -1    1    1    1   -1   -1   -1   -1   -1   -1   -1   -1   -1   -1   -1    1   -1   -1   -1   -1    1    1    1    1    1    1    1    1    1    1    1    1    1    1    1    1    1   -1   -1   -1   -1
   -1   -1   -1   -1   -1   -1   -1   -1   -1   -1   -1   -1   -1   -1   -1   -1    1    1   -1   -1   -1   -1   -1   -1   -1   -1   -1   -1   -1   -1   -1   -1   -1   -1   -1   -1   -1    1   -1   -1    1    1    1    1    1    1    1    1    1    1    1    1    1    1    1    1   -1   -1   -1   -1
   -1   -1   -1   -1   -1    1   -1   -1   -1   -1   -1   -1   -1   -1   -1    1    1    1    1   -1   -1   -1   -1   -1   -1   -1   -1   -1   -1   -1    1   -1   -1   -1   -1   -1    1    1   -1    1   -1   -1    1    1    1    1    1    1    1    1    1    1    1    1    1    1    1   -1   -1   -1
   -1   -1   -1   -1    1    1   -1    1   -1   -1   -1   -1   -1   -1   -1    1    1    1   -1   -1   -1    1    1    1    1    1   -1   -1   -1   -1    1   -1   -1   -1   -1   -1   -1   -1   -1   -1   -1   -1   -1    1    1    1    1    1    1    1    1    1    1    1    1    1   -1   -1   -1   -1
   -1   -1   -1   -1   -1    1    1    1   -1   -1   -1   -1   -1   -1   -1   -1    1    1   -1   -1   -1   -1   -1    1    1    1   -1   -1   -1   -1   -1   -1   -1   -1   -1    1   -1   -1   -1   -1    1    1    1    1    1    1    1    1    1    1    1    1    1    1   -1    1    1    1    1    1
   -1   -1   -1    1    1    1    1    1    1   -1   -1   -1   -1   -1   -1   -1    1   -1   -1   -1   -1   -1    1   -1    1    1   -1   -1   -1   -1   -1   -1   -1   -1   -1    1    1    1    1    1    1    1    1    1    1    1    1    1    1    1    1    1    1    1    1    1    1    1    1   -1
    1    1    1    1    1    1   -1    1    1   -1   -1   -1   -1   -1   -1   -1   -1   -1   -1   -1   -1    1    1   -1   -1   -1   -1   -1   -1   -1   -1   -1    1    1    1    1    1    1    1    1    1    1    1    1    1    1    1    1    1    1    1    1    1   -1    1    1    1    1    1    1
    1    1    1    1    1    1    1    1    1   -1   -1   -1   -1   -1   -1   -1   -1    1   -1   -1   -1    1    1   -1   -1   -1   -1   -1   -1   -1   -1   -1   -1   -1    1    1    1    1    1    1    1    1    1    1    1    1    1    1   -1   -1   -1   -1    1   -1   -1    1    1    1    1    1
    1    1    1   -1    1    1    1    1   -1   -1   -1   -1    1    1   -1   -1   -1    1   -1   -1   -1    1   -1   -1   -1   -1   -1   -1   -1   -1   -1   -1    1    1    1    1   -1    1    1    1   -1    1    1    1    1    1    1    1    1   -1   -1   -1    1    1   -1    1   -1    1   -1    1
    1    1    1    1    1    1    1    1   -1   -1   -1   -1   -1   -1   -1   -1   -1   -1   -1   -1   -1   -1   -1    1    1    1    1   -1   -1   -1   -1   -1   -1   -1   -1    1    1    1    1    1   -1    1    1    1   -1    1    1    1    1   -1    1   -1    1   -1   -1    1    1    1   -1    1
    1    1    1    1    1    1    1    1    1   -1   -1   -1   -1   -1   -1   -1   -1   -1   -1   -1   -1   -1   -1    1    1    1   -1   -1   -1   -1   -1   -1   -1    1    1    1    1    1    1    1    1    1    1    1    1    1    1   -1    1   -1    1    1    1   -1   -1    1    1    1    1    1
    1    1    1   -1    1    1    1    1    1   -1   -1   -1   -1   -1   -1   -1    1   -1   -1   -1   -1   -1    1    1    1   -1   -1   -1   -1   -1    1    1    1    1    1    1    1    1    1    1    1    1    1    1    1    1    1    1    1   -1   -1    1   -1   -1   -1    1    1    1    1   -1
    1    1    1    1    1    1   -1    1    1   -1   -1   -1   -1   -1    1   -1    1    1   -1    1   -1   -1   -1    1    1    1   -1    1    1    1    1    1    1    1    1    1    1    1    1   -1    1    1    1    1    1   -1   -1    1    1   -1   -1   -1   -1   -1   -1    1    1    1    1    1
    1    1    1    1    1    1    1    1    1   -1   -1   -1   -1   -1    1    1    1    1    1    1   -1   -1   -1   -1    1    1    1    1   -1    1    1    1    1    1    1    1    1    1    1    1    1    1    1    1    1   -1   -1   -1   -1   -1   -1   -1   -1   -1   -1   -1    1    1    1    1
    1   -1    1   -1    1    1   -1   -1   -1   -1   -1   -1   -1   -1   -1   -1    1    1    1    1   -1   -1   -1   -1   -1    1   -1    1    1    1    1    1    1    1    1    1    1    1    1    1    1    1   -1   -1   -1   -1   -1   -1   -1    1   -1   -1   -1   -1    1   -1   -1    1    1    1
   -1   -1   -1    1    1    1   -1   -1   -1   -1   -1   -1   -1   -1   -1   -1    1   -1    1    1    1   -1   -1   -1   -1    1   -1    1    1   -1    1    1    1    1    1    1    1    1    1    1    1    1    1   -1   -1   -1   -1   -1   -1    1   -1   -1   -1   -1    1   -1   -1   -1    1    1
   -1   -1   -1   -1   -1   -1   -1   -1   -1   -1   -1   -1   -1   -1   -1   -1   -1   -1   -1    1   -1   -1    1    1   -1   -1   -1    1    1   -1    1    1    1    1    1    1    1    1    1   -1    1    1    1   -1   -1    1   -1   -1   -1    1   -1    1    1    1    1   -1   -1   -1    1    1
   -1   -1   -1   -1   -1   -1   -1   -1   -1   -1   -1   -1   -1   -1   -1   -1   -1   -1   -1   -1    1    1    1    1    1    1    1    1   -1   -1   -1    1   -1   -1   -1    1    1    1    1    1    1    1   -1   -1   -1   -1    1    1    1    1   -1    1    1    1   -1   -1   -1   -1   -1   -1
   -1   -1   -1   -1   -1    1   -1   -1   -1   -1   -1   -1   -1   -1   -1   -1   -1   -1   -1   -1    1    1   -1   -1   -1   -1    1    1    1   -1   -1   -1   -1   -1   -1    1    1    1    1    1    1    1    1    1    1    1   -1   -1   -1   -1   -1   -1   -1    1    1   -1   -1   -1   -1   -1
   -1    1   -1   -1   -1   -1   -1   -1   -1   -1   -1   -1   -1   -1   -1    1   -1   -1   -1    1    1   -1   -1   -1    1    1    1    1    1    1    1   -1   -1   -1    1    1    1    1    1    1    1    1    1    1    1    1   -1   -1   -1   -1   -1   -1   -1   -1   -1   -1   -1    1   -1   -1
    1    1   -1    1   -1   -1   -1   -1   -1   -1   -1   -1   -1   -1   -1   -1    1   -1    1   -1   -1   -1   -1   -1    1    1    1    1    1    1    1   -1   -1    1   -1   -1    1    1    1    1    1    1    1    1    1    1   -1   -1   -1   -1   -1   -1   -1   -1   -1   -1   -1   -1   -1   -1
    1   -1    1    1   -1   -1   -1   -1   -1   -1   -1   -1   -1   -1   -1   -1   -1   -1   -1   -1   -1   -1    1    1    1    1    1    1    1    1    1   -1   -1    1   -1   -1    1    1    1    1    1    1    1    1    1    1   -1   -1   -1   -1   -1   -1   -1   -1   -1   -1   -1   -1   -1   -1
